32 20
105 105 105 105 48 49 50 51 48 49 50 51 48 49 50 51 48 49 50 51 48 49 50 51 48 49 50 51 48 49 50 51 105 105 105 105 52 53 54 55 52 53 54 55 52 53 54 55 52 53 54 55 52 53 54 55 52 53 54 55 52 53 54 55 105 105 105 105 56 57 58 59 56 57 58 59 56 57 58 59 56 57 58 59 56 57 58 59 56 57 58 59 56 57 58 59 105 105 105 105 105 105 105 105 105 105 105 105 105 105 46 47 105 105 105 105 106 106 105 105 105 105 105 105 105 105 105 105 60 61 62 63 60 61 62 63 60 61 62 63 60 61 50 51 60 61 62 63 60 61 62 63 60 61 62 63 60 61 105 105 52 53 54 55 52 53 54 55 52 53 54 55 52 53 54 55 52 53 54 55 52 53 54 55 52 53 54 55 52 53 105 105 56 57 58 59 56 57 58 59 56 57 58 59 56 57 58 59 56 57 58 59 56 57 58 59 56 57 58 59 56 57 105 105 44 45 46 47 44 45 46 47 44 45 46 47 105 105 105 105 105 105 105 105 105 105 105 105 44 45 46 47 44 45 105 105 48 49 50 51 48 49 50 51 48 49 50 51 60 61 62 63 60 61 62 63 60 61 62 63 48 49 50 51 48 49 105 105 52 53 54 55 52 53 54 55 52 53 54 55 52 53 54 55 52 53 54 55 52 53 54 55 52 53 54 55 52 53 105 105 56 57 58 59 56 57 58 59 56 57 58 59 56 57 58 59 56 57 58 59 56 57 58 59 56 57 58 59 56 57 105 105 105 105 105 105 105 105 106 106 44 45 46 47 105 105 105 105 105 105 105 105 105 105 105 105 105 105 105 105 105 105 105 105 105 105 62 63 60 61 62 63 48 49 50 51 105 105 105 105 105 105 105 105 60 70 71 63 60 61 62 63 60 61 105 105 105 105 54 55 52 53 54 55 52 53 54 55 105 105 105 105 105 105 105 105 52 72 73 55 52 53 54 55 52 53 105 105 105 105 58 59 56 57 58 59 56 57 58 59 105 105 105 105 105 105 105 105 56 74 75 59 56 57 58 59 56 57 105 105 105 105 46 47 44 45 46 47 44 45 46 47 105 105 105 105 105 105 105 105 105 105 105 105 105 105 46 47 44 45 105 105 105 105 50 51 48 49 50 51 48 49 50 51 60 70 71 63 60 61 62 63 60 61 62 63 60 61 50 51 48 49 105 105 105 105 54 55 52 53 54 55 52 53 54 55 52 72 73 55 52 53 54 55 52 53 54 55 52 53 54 55 52 53 105 105 105 105 58 59 56 57 58 59 56 57 58 59 56 74 75 59 56 57 58 59 56 57 58 59 56 57 58 59 56 57 105 105 105 105 105 105 44 45 105 105 44 45 46 47 105 105 105 105 105 
105 105 105 105 105 105 105 105 105 105 105 44 45 105 105 
10
LADDER 96 192 7 0
LADDER 320 64 3 0
DOOR 224 144 1
STONE 288 272 0
STONE 96 16 0
ENEMY BAT 64 64
ENEMY BAT 64 192
ENEMY BAT 320 128
ENEMY BAT 352 192
ENEMY BAT 416 64
