32 20
105 105 38 39 36 37 38 39 36 37 38 39 36 37 38 39 36 37 38 39 36 37 38 39 36 37 38 39 36 37 38 39 105 105 26 27 24 25 26 27 24 25 26 27 24 25 26 27 24 25 26 27 24 25 26 27 24 25 26 27 24 25 26 27 105 105 30 31 28 29 30 31 28 29 30 31 28 29 30 31 28 29 30 31 28 29 30 31 28 29 30 31 28 29 30 31 105 105 34 35 105 105 105 105 32 33 34 35 105 105 105 105 105 105 105 105 105 105 105 105 105 105 105 105 105 105 105 105 105 105 38 39 40 41 42 43 36 37 38 39 105 105 105 105 105 105 105 105 105 105 105 105 105 105 105 105 105 105 105 105 105 105 26 27 24 25 26 27 24 25 26 27 105 105 105 105 105 105 105 105 105 105 105 105 105 105 105 105 105 105 105 105 105 105 30 31 28 29 30 31 28 29 30 31 105 105 105 105 105 105 105 105 105 105 105 105 105 105 105 105 105 105 105 105 105 105 105 105 32 33 34 35 32 33 34 35 105 105 105 105 105 105 105 105 105 105 105 105 105 105 105 105 105 105 105 105 105 105 42 43 36 37 38 39 36 37 38 39 105 105 105 105 105 105 105 105 105 105 105 105 105 105 105 105 105 105 105 105 105 105 26 27 24 25 26 27 24 25 26 27 105 105 105 105 105 105 105 105 105 105 105 105 105 105 105 105 105 105 105 105 105 105 30 31 28 29 30 31 28 29 30 31 105 105 105 105 105 105 105 105 105 105 105 105 105 105 105 105 105 105 105 105 105 105 105 105 106 106 105 105 32 33 34 35 105 105 105 105 105 105 105 105 105 105 105 105 105 105 105 105 105 105 105 105 105 105 42 43 40 41 42 43 36 37 38 39 105 105 105 105 105 105 105 105 105 105 105 105 105 105 105 105 105 105 105 105 105 105 26 27 24 25 26 27 24 25 26 27 105 105 105 105 105 105 105 105 105 105 105 105 105 105 105 105 105 105 105 105 105 105 30 31 28 29 30 31 28 29 30 31 105 105 105 105 105 105 105 105 105 105 105 105 105 105 105 105 105 105 105 105 105 105 34 35 32 33 34 35 32 33 34 35 105 105 105 105 105 105 105 105 105 105 105 105 105 105 105 105 105 105 105 105 105 105 38 39 36 37 38 39 36 37 38 39 40 41 42 43 40 119 120 43 40 41 42 43 40 119 120 43 40 41 105 105 105 105 26 27 24 25 26 27 24 25 26 27 24 25 26 27 24 121 122 27 24 25 26 27 24 121 122 27 24 25 105 105 
105 105 30 31 28 29 30 31 28 29 30 31 28 29 30 31 28 123 124 31 28 29 30 31 28 123 124 31 28 29 105 105 105 105 105 105 105 105 105 105 105 105 105 105 105 105 105 105 105 105 105 105 105 105 105 105 105 105 105 105 105 105 105 105 
8 
LADDER 64 0 3 0
LADDER 64 192 7 0
STONE 256 272 0
STONE 288 272 -2
ENEMY WORM 96 272 0
ENEMY WORM 352 272 0
ENEMY WORM 224 16 0
ENEMY WORM 368 16 0
