32 20
36 37 38 39 36 37 105 105 36 37 38 39 36 37 38 39 36 37 38 39 36 37 38 39 36 37 38 39 36 37 105 105 24 25 26 27 24 25 105 105 24 25 26 27 24 25 26 27 24 25 26 27 24 25 26 27 24 25 26 27 24 25 105 105 28 29 30 31 28 29 105 105 28 29 30 31 28 29 30 31 28 29 30 31 28 29 30 31 28 29 30 31 28 29 105 105 105 105 34 35 105 105 105 105 32 33 34 35 32 33 34 35 32 33 34 35 105 105 105 105 105 105 105 105 105 105 105 105 105 105 38 39 40 41 105 105 36 37 38 39 36 37 38 39 36 37 38 39 40 41 42 43 40 41 42 43 40 41 105 105 105 105 26 27 24 25 105 105 24 25 26 27 24 25 26 27 24 25 26 27 24 25 26 27 24 25 26 27 24 25 105 105 105 105 30 31 28 29 105 105 28 29 30 31 28 29 30 31 28 29 30 31 28 29 30 31 28 29 30 31 28 29 105 105 105 105 105 105 32 33 105 105 105 105 105 105 106 106 105 105 105 105 105 105 32 33 34 35 105 105 105 105 105 105 105 105 105 105 42 43 36 37 105 105 40 41 42 43 36 37 42 43 40 41 42 43 36 37 38 39 105 105 105 105 105 105 105 105 105 105 26 27 24 25 105 105 24 25 26 27 24 25 26 27 24 25 26 27 24 25 26 27 105 105 105 105 105 105 105 105 105 105 30 31 28 29 105 105 28 29 30 31 28 29 30 31 28 29 30 31 28 29 30 31 105 105 105 105 105 105 105 105 105 105 34 35 105 105 105 105 32 33 105 105 106 106 106 106 105 105 105 105 105 105 105 105 105 105 105 105 105 105 105 105 105 105 38 39 40 41 42 43 36 37 42 43 40 41 38 39 40 119 120 43 40 41 42 43 105 105 105 105 105 105 105 105 105 105 26 27 24 25 26 27 24 25 26 27 24 25 26 27 24 121 122 27 24 25 26 27 105 105 105 105 105 105 105 105 105 105 30 31 28 29 30 31 28 29 30 31 28 29 30 31 28 123 124 31 28 29 30 31 105 105 105 105 105 105 105 105 105 105 105 105 32 33 34 35 105 105 105 105 105 105 106 106 105 105 105 105 105 105 105 105 105 105 105 105 105 105 105 105 105 105 42 43 36 37 38 39 40 119 120 43 40 41 38 39 40 41 42 43 40 41 42 43 40 119 120 43 40 41 42 43 105 105 26 27 24 25 26 27 24 121 122 27 24 25 26 27 24 25 26 27 24 25 26 27 24 121 122 27 24 25 26 27 105 105 30 31 28 29 30 31 28 123 124 31 28 29 30 31 28 29 30 31 28 29 30 31 28 123 124 31 28 29 30 31 105 
105 105 105 105 105 105 105 105 105 105 105 105 105 105 105 105 105 105 105 105 105 105 105 105 105 105 105 105 105 105 105 
11 
LADDER 224 0 7 0
LADDER 192 128 3 0
LADDER 224 192 3 0
LADDER 224 256 3 0
STONE 32 208 0
STONE 304 208 -1
ENEMY WORM 128 80 0
ENEMY WORM 448 16 0
ENEMY WORM 256 144 0
ENEMY WORM 160 208 0
ENEMY WORM 384 272 0
