32 20
105 105 0 1 0 1 0 1 0 1 0 1 0 1 0 1 0 1 0 1 0 1 0 1 0 1 0 1 0 1 0 1 105 105 1 0 1 0 1 0 1 0 1 0 1 0 1 0 1 0 1 0 1 0 1 0 1 0 1 0 1 0 1 0 105 105 0 1 0 1 0 1 0 1 0 1 0 1 0 1 0 1 0 1 0 1 0 1 0 1 0 1 0 1 0 1 105 105 105 105 105 105 105 105 105 105 1 0 105 105 105 105 105 105 105 105 106 106 105 105 105 105 105 105 105 105 105 105 105 105 105 105 105 105 105 105 105 105 0 1 2 3 105 105 105 105 2 3 2 3 105 105 105 105 105 105 105 105 105 105 105 105 105 105 105 105 105 105 105 105 1 0 1 0 105 105 105 105 1 0 1 0 105 105 105 105 105 105 105 105 105 105 105 105 105 105 105 105 105 105 105 105 0 1 0 1 105 105 105 105 0 1 0 1 105 105 105 105 105 105 105 105 105 105 105 105 105 105 105 105 105 105 105 105 105 105 1 0 105 105 105 105 1 0 1 0 105 105 105 105 105 105 105 105 105 105 105 105 105 105 105 105 105 105 105 105 2 3 0 1 105 105 105 105 0 1 0 1 105 105 105 105 105 105 105 105 105 105 105 105 105 105 105 105 105 105 105 105 1 0 1 0 105 105 105 105 1 0 1 0 105 105 105 105 105 105 105 105 105 105 105 105 105 105 105 105 105 105 105 105 0 1 0 1 105 105 105 105 0 1 0 1 105 105 105 105 105 105 105 105 105 105 105 105 105 105 105 105 105 105 105 105 1 0 105 105 105 105 105 105 105 105 106 106 105 105 105 105 105 105 105 105 105 105 105 105 105 105 105 105 105 105 105 105 0 1 2 3 105 105 105 105 2 3 2 3 105 105 105 105 105 105 105 105 105 105 105 105 105 105 105 105 105 105 105 105 1 0 1 0 105 105 105 105 1 0 1 0 105 105 105 105 105 105 105 105 105 105 105 105 105 105 105 105 105 105 105 105 0 1 0 1 105 105 105 105 0 1 0 1 105 105 105 105 105 105 105 105 105 105 105 105 105 105 105 105 105 105 105 105 105 105 1 0 105 105 105 105 1 0 1 0 105 105 105 105 105 105 105 105 105 105 82 83 2 3 2 94 95 3 2 3 2 3 0 1 2 3 2 3 0 1 0 1 2 3 2 94 95 3 2 3 88 89 84 85 1 0 1 96 97 0 1 0 1 0 1 0 1 0 1 0 1 0 1 0 1 0 1 96 97 0 1 0 90 91 86 87 0 1 0 1 0 1 0 1 0 1 0 1 0 1 0 1 0 1 0 1 0 1 0 1 0 1 0 1 92 93 105 105 105 105 105 105 105 105 105 105 105 105 105 105 105 105 105 105 105 105 105 105 105 105 105 105 105 105 105 105 105 105 
8 
LADDER 256 0 3 0
LADDER 320 64 7 0
LADDER 320 192 7 0
STONE 352 16 0
STONE 112 272 0
ENEMY WORM 64 16 0
ENEMY WORM 144 272 0
ENEMY WORM 272 272 0
