32 20
36 37 38 39 105 105 105 105 36 37 38 39 36 37 38 39 36 37 38 39 36 37 38 39 36 37 38 39 105 105 105 105 24 25 26 27 105 105 105 105 24 25 26 27 24 25 26 27 24 25 26 27 24 25 26 27 24 25 26 27 105 105 105 105 28 29 30 31 105 105 105 105 28 29 30 31 28 29 30 31 28 29 30 31 28 29 30 31 28 29 30 31 105 105 105 105 32 33 34 35 105 105 105 105 105 105 105 105 105 105 105 105 32 33 34 35 32 33 34 35 32 33 34 35 105 105 105 105 36 37 38 39 105 105 105 105 40 41 42 43 40 119 120 43 36 37 38 39 36 37 38 39 36 37 38 39 105 105 105 105 24 25 26 27 105 105 105 105 24 25 26 27 24 121 122 27 24 25 26 27 24 25 26 27 24 25 26 27 105 105 105 105 28 29 30 31 105 105 105 105 28 29 30 31 28 123 124 31 28 29 30 31 28 29 30 31 28 29 30 31 105 105 105 105 32 33 34 35 105 105 105 105 105 105 105 105 105 105 106 106 105 105 105 105 105 105 105 105 105 105 105 105 105 105 105 105 36 37 38 39 40 41 42 43 40 41 42 43 40 41 42 43 40 41 42 43 40 41 42 43 105 105 105 105 105 105 105 105 24 25 26 27 24 25 26 27 24 25 26 27 24 25 26 27 24 25 26 27 24 25 26 27 105 105 105 105 105 105 105 105 28 29 30 31 28 29 30 31 28 29 30 31 28 29 30 31 28 29 30 31 28 29 30 31 105 105 105 105 105 105 105 105 105 105 105 105 105 105 105 105 32 33 34 35 32 33 34 35 32 33 34 35 105 105 106 106 105 105 105 105 105 105 105 105 105 105 42 43 40 41 42 43 36 37 38 39 36 37 38 39 36 37 38 39 40 41 42 43 40 41 42 43 40 41 42 43 105 105 26 27 24 25 26 27 24 25 26 27 24 25 26 27 24 25 26 27 24 25 26 27 24 25 26 27 24 25 26 27 105 105 30 31 28 29 30 31 28 29 30 31 28 29 30 31 28 29 30 31 28 29 30 31 28 29 30 31 28 29 30 31 105 105 34 35 32 33 105 105 105 105 105 105 105 105 106 106 105 105 105 105 105 105 105 105 105 105 105 105 105 105 105 105 105 105 38 39 36 37 42 43 40 119 120 43 40 41 42 43 40 41 42 43 40 41 42 43 40 119 120 43 40 41 42 43 105 105 26 27 24 25 26 27 24 121 122 27 24 25 26 27 24 25 26 27 24 25 26 27 24 121 122 27 24 25 26 27 105 105 30 31 28 29 30 31 28 123 124 31 28 29 30 31 28 29 30 31 28 29 30 31 28 123 124 31 28 29 30 31 105 105 105 105 105 105 105 
105 105 105 105 105 105 105 105 105 32 33 34 35 32 33 34 35 105 105 105 105 105 105 105 105 
7 
LADDER 224 128 7 1
LADDER 224 256 3 0
LADDER 352 192 3 0
LADDER 384 0 7 0
STONE 160 80 0
STONE 400 208 0
ENEMY SKELETON 192 272
