32 20
105 105 0 1 0 1 0 1 0 1 0 1 0 1 0 1 0 1 0 1 0 1 0 1 0 1 0 1 0 1 105 105 105 105 1 0 1 0 1 0 1 0 1 0 1 0 1 0 1 0 1 0 1 0 1 0 1 0 1 0 1 0 105 105 105 105 0 1 0 1 0 1 0 1 0 1 0 1 0 1 0 1 0 1 0 1 0 1 0 1 0 1 0 1 105 105 105 105 105 105 105 105 105 105 105 105 106 106 105 105 105 105 105 105 105 105 105 105 106 106 105 105 105 105 105 105 105 105 2 3 2 3 2 3 98 98 2 3 2 3 2 3 2 3 2 3 2 3 2 3 2 3 105 105 105 105 105 105 105 105 1 0 1 0 1 0 100 99 1 0 1 0 1 0 1 0 1 101 102 0 1 0 1 0 105 105 105 105 105 105 105 105 0 1 0 1 0 1 0 100 0 1 0 1 0 1 0 1 0 103 104 1 0 1 0 1 105 105 105 105 105 105 105 105 105 105 105 105 105 105 106 106 105 105 105 105 105 105 105 105 106 106 105 105 105 105 105 105 105 105 105 105 105 105 105 105 105 105 105 105 105 105 2 3 2 64 65 3 2 3 2 3 2 3 2 3 2 3 2 3 2 64 65 3 2 3 105 105 105 105 105 105 105 105 1 0 1 66 67 0 1 0 1 0 1 0 1 0 1 0 1 0 1 66 67 0 1 0 105 105 105 105 105 105 105 105 0 1 0 68 69 1 0 1 0 1 0 1 0 1 0 1 0 1 0 68 69 1 0 1 105 105 105 105 105 105 105 105 105 105 105 105 106 106 105 105 105 105 105 105 105 105 105 105 105 105 106 106 105 105 105 105 105 105 105 105 2 3 2 3 2 3 2 3 2 3 2 3 2 3 2 64 65 3 2 3 2 3 2 3 2 3 2 3 105 105 105 105 1 0 1 101 102 0 1 0 1 0 1 0 1 0 1 66 67 0 1 0 1 0 1 0 1 0 1 0 105 105 105 105 0 1 0 103 104 1 0 1 0 1 0 1 0 1 0 68 69 1 0 1 0 1 0 1 0 1 0 1 105 105 105 105 105 105 105 105 105 105 105 105 105 105 105 105 106 106 105 105 105 105 105 105 105 105 105 105 105 105 105 105 105 105 105 105 2 3 2 3 2 3 2 3 2 3 2 3 2 3 2 3 2 3 2 3 2 3 2 3 2 3 2 3 105 105 105 105 1 0 1 0 1 0 1 0 1 0 1 0 1 0 1 0 1 0 1 0 1 0 1 0 1 0 1 0 105 105 105 105 0 1 0 1 0 1 0 1 0 1 0 1 0 1 0 1 0 1 0 1 0 1 0 1 0 1 0 1 105 105 105 105 1 0 1 0 1 0 1 0 1 0 1 0 1 0 1 0 1 0 1 0 1 0 1 0 1 0 1 0 105 105 
11 
LADDER 256 0 3 0
LADDER 160 64 3 0
LADDER 352 64 3 0
LADDER 96 128 3 0
LADDER 256 128 3 0
LADDER 160 192 3 0
LADDER 384 192 3 0
LADDER 224 256 5 0
STONE 64 16 -3
STONE 320 80 0
ENEMY SKELETON 160 144
